204012
204101
204102
204103
204104
204105
204106
204107
204108
204109
204110
204111
204112
204201
204202
204203
204204
204205
204206
204207
204208
204209
204210
204211
204212
204301
204302
204303
204304
204305
204306
204307
204308
204309
204310
204311
204312
204401
204402
204403
204404
204405
204406
204407
204408
204409
204410
204411
204412
204501
204502
204503
204504
204505
204506
204507
204508
204509
204510
204511
204512
204601
204602
204603
204604
204605
204606
204607
204608
204609
204610
204611
204612
204701
204702
204703
204704
204705
204706
204707
204708
204709
204710
204711
204712
204801
204802
204803
204804
204805
204806
204807
204808
204809
204810
204811
204812
204901
204902
204903
204904
204905
204906
204907
204908
204909
204910
204911
204912
205001
205002
205003
205004
205005
205006
205007
205008
205009
205010
205011
205012
205101
205102
205103
205104
205105
205106
205107
205108
205109
205110
205111
205112
205201
205202
205203
205204
205205
205206
205207
205208
205209
205210
205211
205212
205301
205302
205303
205304
205305
205306
205307
205308
205309
205310
205311
205312
205401
205402
205403
205404
205405
205406
205407
205408
205409
205410
205411
205412
205501
205502
205503
205504
205505
205506
205507
205508
205509
205510
205511
205512
205601
205602
205603
205604
205605
205606
205607
205608
205609
205610
205611
205612
205701
205702
205703
205704
205705
205706
205707
205708
205709
205710
205711
205712
205801
205802
205803
205804
205805
205806
205807
205808
205809
205810
205811
205812
205901
205902
205903
205904
205905
205906
205907
205908
205909
205910
205911
205912